# list of object assets to load in this scene
[ASSETS]
mario.txt
brick.txt
coin.txt
goomba.txt
cloud.txt
pipe.txt
jumpinggoomba.txt
portal.txt
mushroom.txt
koopas.txt
piranhaplant.txt
paragoomba.txt
background_item.txt
platform.txt
#
[OBJECTS]
# type	x	y	extra_settings per object type
# type: 0 = Mario , 1 = Brick, 2 = Goomba, 3 = Koopas, 8 = BackgroundObjects
# See OBJECT_TYPE constants in AssetIDs.h

# Background
8	70	140	41006	
8	136	34	41000	
8	160	160	41002	3	15	0
8	352	36	41001


# BRICKS
1	1568	164	10014	16	16
1	1584	164	10014	16	16	
1	1600	164	10014	16	16
1	1584	148	10014	16	16
1	1600	148	10014	16	16
1	1600	132	10014	16	16

1	1664	164	10014	16	16
1	1680	164	10014	16	16
1	1696	164	10014	16	16
1	1664	148	10014	16	16
1	1680	148	10014	16	16
1	1664	132	10014	16	16

1	1952	164	10015	16	16
1	1968	164	10015	16	16
1	1984	164	10015	16	16
1	2000	164	10015	16	16
1	2016	164	10015	16	16
1	2032	164	10015	16	16
1	2048	164	10015	16	16
1	1968	148	10015	16	16
1	1984	148	10015	16	16
1	2000	148	10015	16	16
1	2016	148	10015	16	16
1	2032	148	10015	16	16
1	1984	132	10015	16	16
1	2000	132	10015	16	16
1	2016	132	10015	16	16
1	2032	132	10015	16	16

1	2096	164	10015	16	16
1	2112	164	10015	16	16
1	2096	148	10015	16	16

1	2256	132	10014	16	16
1	2272	132	10014	16	16
1	2256	84	10014	16	16
1	2272	84	10014	16	16

1	1504	100	10014	16	16
1	1520	100	10014	16	16

#Big Brick
1	272	148	10003	49	49
1	304	132	10004	57	81

1	456	148	10005	91	49
1	520	132	10006	74	81
1	568	116	10007	63	113
1	580	156	10008	105	30

1	1280	156	10009	110	31
1	1328	140	10010	111	63
1	1376	124	10011	111	95

1	1360	-90	10012	63	31

1	2168	148	10003	49	49
1	2200	100	10016	47	143

#Cloud Brick
1	1430	-44	10013	16	16
1	1446	-44	10013	16	16
1	1462	-44	10013	16	16
1	1478	-44	10013	16	16

1	1510	-60	10013	16	16
1	1526	-60	10013	16	16
1	1542	-60	10013	16	16
1	1558	-60	10013	16	16
1	1574	-60	10013	16	16
1	1590	-60	10013	16	16
1	1606	-60	10013	16	16
1	1622	-60	10013	16	16
1	1638	-60	10013	16	16
1	1654	-60	10013	16	16
1	1670	-60	10013	16	16
1	1686	-60	10013	16	16
1	1702	-60	10013	16	16

#Underground Brick
1	1968	196	10018	16	16	8	16	0
1	1968	212	10018	16	16	8	16	0
1	1968	228	10018	16	16	8	16	0
1	1968	244	10018	16	16	8	16	0
1	1968	260	10018	16	16	8	16	0
1	1968	276	10018	16	16	8	16	0
1	1968	292	10018	16	16	8	16	0
1	1968	308	10018	16	16	8	16	0
1	1968	324	10018	16	16	8	16	0
1	1968	340	10018	16	16	8	16	0
1	1968	356	10018	16	16	32	16	0
1	1968	372	10018	16	16	32	16	0
1	2352	196	10018	16	16	8	16	0
1	2352	212	10018	16	16	8	16	0
1	2352	228	10018	16	16	8	16	0
1	2352	244	10018	16	16	8	16	0
1	2352	260	10018	16	16	8	16	0
1	2352	276	10018	16	16	8	16	0
1	2352	292	10018	16	16	8	16	0
1	2352	308	10018	16	16	8	16	0
1	2352	324	10018	16	16	8	16	0
1	2352	340	10018	16	16	8	16	0
1	2224	340	10018	16	16	8	16	0
1	2240	324	10018	16	16	7	16	0
1	2256	308	10018	16	16	6	16	0
1	2272	292	10018	16	16	5	16	0
1	2288	276	10018	16	16	4	16	0
1	2304	260	10018	16	16	3	16	0
1	2128	196	10018	16	16	12	16	0

#COIN
4	1104	88
4	1136	52
4	1168	20
4	1200	-12
4	1232	-44
4	1350	-156
4	1366	-156
4	1382	-156
4	1494	-124
4	1510	-124
4	1558	-108
4	1574	-108
4	1590	-108
4	1606	-108
4	1638	-124
4	1654	-124
4	1670	-124
4	1686	-124
4	1718	-92
4	1750	-124
4	1782	-108
4	1830	-140
4	1862	-108
4	2224	308
4	2224	292
4	2224	260
4	2224	244
4	2208	324
4	2208	276
4	2208	228
4	2192	324
4	2192	276
4	2192	228
4	2176	308
4	2176	244
#Enemies
2	240	164
2	552	164
2	912	148
2	864	148
3	608	132

#Platform
5	0	180	16	16	40	51002	52002	53002
5	640	172	16	32	30	51003	52003	53003
5	1168	180	16	16	21	51002	52002	53002
5	1536	180	16	16	5	51002	52002	53002
5	1664	180	16	16	36	51002	52002	53002
5	2256	180	16	16	35	51002	52002	53002


#Pipe
6	1872	134	31	15	3	52001	51001	51001
6	1808	150	31	15	2	52001	51001	51001
6	2264	148	31	15	2	51001	51001	51001
6	2264	-97	31	15	12	52001	51001	51001
6	2328	148	31	15	2	52001	51001	51001

#Coin Brick
7	176	116
7	192	116
7	224	68
7	240	68
7	442	84
7	672	148
7	720	116
7	1462	-108
7	1472	132

#Mushroom
#9	20	10

#Para Goomba
10	976	148

#Mushroom Brick
#11	90	116

#Piranha Plant
12	376	134

#Fall Pitch
13	0	200	2000	10

#Super Leaf Brick
#14	90	116

#Special Pipe
15	2104	196	31	15	2	51098	51099	51099
15	2328	196	31	15	2	51098	51099	51099

#Portal 
50	250	110	316	140	2

#MARIO
#0	20	10