# list of object assets to load in this scene
[ASSETS]
assets\mario.txt
assets\brick.txt
assets\coin.txt
assets\goomba.txt
assets\cloud.txt
assets\pipe.txt
assets\jumpinggoomba.txt
assets\portal.txt
assets\mushroom.txt
assets\koopas.txt
assets\piranhaplant.txt
assets\paragoomba.txt
assets\background_item.txt
assets\platform.txt
assets\bullet.txt
assets\koopaparatroopa.txt
assets\Hud.txt
assets\card.txt
assets\score.txt
assets\switch.txt
assets\effect_hit.txt

#
[OBJECTS]
# type	x	y	extra_settings per object type
# type: 0 = Mario , 1 = Brick, 2 = Goomba, 3 = Koopas, 8 = BackgroundObjects
# See OBJECT_TYPE constants in AssetIDs.h

# Background
8	70	144	41006	
8	136	34	41000	
8	160	164	41002	3	15	0
8	352	36	41001
8	690	147	41002	6	15	0
8	690	34	41001
8	828	64	41001
8	790	64	41000
8	980	133	41003	
8	880	133	41006
8	1060	147	41002	2	15	0
8	1185	162	41002	2	15	0
8	1180	34	41001	
8	1668	34	41001
8	1708	34	41000
8	1735	162	41002	3	15	0
8	1920	148	41003	
8	2426	107	41007	
8	2354	34	41001
8	2626	127	41005
8	2786	147	41004
8	2666	30	41008

# BRICKS
1	1568	164	10014	16	16
1	1584	164	10014	16	16
1	1600	164	10014	16	16
1	1584	148	10014	16	16
1	1600	148	10014	16	16
1	1600	132	10014	16	16

1	1664	164	10014	16	16
1	1680	164	10014	16	16
1	1696	164	10014	16	16
1	1664	148	10014	16	16
1	1680	148	10014	16	16
1	1664	132	10014	16	16

23	1952	164
23	1968	164
23	1984	164
23	2000	164
23	2016	164
23	2032	164
23	2048	164
23	1968	148
23	1984	148
23	2000	148
23	2016	148
23	2032	148
23	1984	132
23	2000	132
23	2016	132
31	2032	132

23	2096	164
23	2112	164
23	2096	148

1	2272	132	10014	16	16
1	2288	132	10014	16	16
1	2272	68	10014	16	16
1	2288	68	10014	16	16

1	1504	100	10014	16	16
1	1520	100	10014	16	16

#Big Brick
1	272	148	10003	49	49
1	304	132	10004	57	81

1	456	148	10005	91	49
1	520	132	10006	74	81
1	568	116	10007	63	113
1	580	156	10008	70	30

1	1280	156	10009	110	31
1	1328	140	10010	111	63
1	1376	124	10011	111	95

1	1360	-90	10012	63	31

1	2168	148	10003	49	49
1	2200	100	10016	47	143

#Cloud Brick
1	1430	-44	10013	16	16
1	1446	-44	10013	16	16
1	1462	-44	10013	16	16
1	1478	-44	10013	16	16

1	1510	-60	10013	16	16
1	1526	-60	10013	16	16
1	1542	-60	10013	16	16
1	1558	-60	10013	16	16
1	1574	-60	10013	16	16
1	1590	-60	10013	16	16
1	1606	-60	10013	16	16
1	1622	-60	10013	16	16
1	1638	-60	10013	16	16
1	1654	-60	10013	16	16
1	1670	-60	10013	16	16
1	1686	-60	10013	16	16
1	1702	-60	10013	16	16

#Underground Brick
5	1968	196	16	16	8	20022	20022	20022
5	1968	212	16	16	8	20022	20022	20022
5	1968	228	16	16	8	20022	20022	20022
5	1968	244	16	16	8	20022	20022	20022
5	1968	260	16	16	8	20022	20022	20022
5	1968	276	16	16	8	20022	20022	20022
5	1968	292	16	16	8	20022	20022	20022
5	1968	308	16	16	8	20022	20022	20022
5	1968	324	16	16	8	20022	20022	20022
5	1968	340	16	16	8	20022	20022	20022
5	1968	356	16	16	32	20022	20022	20022
5	1968	372	16	16	32	20022	20022	20022
5	2352	196	16	16	8	20022	20022	20022
5	2352	212	16	16	8	20022	20022	20022
5	2352	228	16	16	8	20022	20022	20022
5	2352	244	16	16	8	20022	20022	20022
5	2352	260	16	16	8	20022	20022	20022
5	2352	276	16	16	8	20022	20022	20022
5	2352	292	16	16	8	20022	20022	20022
5	2352	308	16	16	8	20022	20022	20022
5	2352	324	16	16	8	20022	20022	20022
5	2352	340	16	16	8	20022	20022	20022
5	2224	340	16	16	8	20022	20022	20022
5	2240	324	16	16	7	20022	20022	20022
5	2256	308	16	16	6	20022	20022	20022
5	2272	292	16	16	5	20022	20022	20022
5	2288	276	16	16	4	20022	20022	20022
5	2304	260	16	16	3	20022	20022	20022
5	2128	196	16	16	12	20022	20022	20022

#COIN
4	1104	88
4	1136	52
4	1168	20
4	1200	-12
4	1232	-44
4	1350	-156
4	1366	-156
4	1382	-156
4	1494	-124
4	1510	-124
4	1558	-108
4	1574	-108
4	1590	-108
4	1606	-108
4	1638	-124
4	1654	-124
4	1670	-124
4	1686	-124
4	1718	-92
4	1750	-124
4	1782	-108
4	1830	-140
4	1862	-108

4	2224	308
4	2224	292
4	2224	260
4	2224	244
4	2208	324
4	2208	276
4	2208	228
4	2192	324
4	2192	276
4	2192	228
4	2176	308
4	2176	244

#MARIO
#0	0	20	#Beginning spawn
0	2290	-200	#Underground spawn

#Platform
7	-16	500
11	0	500	1	#mushroom brick
5	0	180	16	16	40	51002	52002	53002
5	640	172	16	32	30	51003	52003	53003
5	1168	180	16	16	21	51002	52002	53002
5	1536	180	16	16	5	51002	52002	53002
5	1664	180	16	16	36	51002	52002	53002
5	2272	180	16	16	35	51002	52002	53002

#Pipe
#6	1872	134	31	15	3	52001	51001	51001
#6	1808	150	31	15	2	52001	51001	51001
6	2280	148	31	15	2	51001	51001	51001
6	2280	-113	31	15	12	52001	51001	51001	2	1	2104	196	1
6	2344	148	31	15	2	52001	51001	51001
6	2104	196	31	15	2	51098	51099	51099	2	1
6	2328	196	31	15	2	51098	51099	51099	2	0	2344	148	0

#Coin Brick
7	176	116
3	186	500

7	192	116
7	240	68
7	442	84
#7	672	148
7	720	116
#7	1462	-108
#7	1472	132
#14	160	116

#Mushroom
#9	20	10

#Mushroom Brick
11	256	68	0
11	1462	-108	0

#Fall Pitch
13	-100	220	2000	10
13	2240	180	16	16

#Super Leaf Brick
14	672	148
14	1472	132

#Enemies
2	240	164
2	552	164
3	608	122	0
#3	160	122	3
#27	376	134
#26	1872	134
#25	1808	150
12	376	134	0
12	1872	134	1
12	1808	150	2
16	648	10	16	500	3
2	912	128
2	864	128
10	976	128
16	1104	10	16	500	4
29	1323	60
29	1355	60
29	1387	60
19	1472	148
3	2096	116	0

23	160	500
23	1968	500
23	80	500
23	96	500
23	112	500
23	128	500
1	200	500	10014	16	16

#Camera
#17	0	0	1

#Card
21	2678	82

#Portal 
50	2800	128	2832	228	2
