# id	left	top	right	bottom	texture_id
[SPRITES]
#walking left
581101	65	900	80	923	50
581102	115	900	130	923	50
#walking right
581201	165	900	180	923	50
581202	215	900	230	923	50
#throw left
582101	15	900	30	923	50
582102	398	900	413	923	50
#throw right
582201	265	900	280	923	50
582202	366	900	381	923	50
#die from top
583101	384	950	399	973	50
#die from bottom
583201	410	950	425	973	50
# ani_id	sprite1_id	time1	sprite2_id	time2	...
[ANIMATIONS]
58000	581101	200	581102	200
58001	581201	200	581202	200
58002	582101	200	582102	200
58003	582201	200	582202	200
58004	581101	100
58005	581202	100
58006	583101	100
58007	583201	100