# id	left	top	right	bottom	texture_id
[SPRITES]
20001	372	153	387	168	20
20002	300	117	315	132	20
20003	318	117	333	132	20
20004	336	117	351	132	20
20005	354	117	369	132	20
20006	372	117	387	132	20
20007	304	496	361	545	30
20008	363	464	420	545	30
20009	426	495	517	544	30
20010	522	463	596	544	30
20011	602	432	673	543	30
20012	347	118	450	149	30
20013	154	218	273	249	30
20014	186	186	305	249	30
20015	218	154	337	249	30
20016	443	552	514	591	30
20017	149	698	164	713	30
20018	167	7	182	22	30
20019	205	27	220	42	30
20020	492	5	547	148	30
20021	167	26	182	41	30
20022	352	739	367	754	30
20023	493	119	502	128	20
20024	205	7	220	22	30
# ani_id	sprite1_id	time1	sprite2_id	time2	...
[ANIMATIONS]
#Normal Brick
10000	20001	1000
#Myserious Brick
10001	20002	100	20003	100	20004	100	20005	100
#Broken Mysterious Brick
10002	20006	1000
#Square Nude Brick
10003	20007	1000
#Rectangle Blue Brick
10004	20008	1000
#Rectangle Green Brick
10005	20009	1000
#Rectangle Nude Brick
10006	20010	1000
#Rectangle White Brick
10007	20011	1000
#
10008	20012	1000
#Rectangle Green Brick
10009	20013	1000
#Rectangle Nude Brick
10010	20014	1000
#Rectangle Blue Brick
10011	20015	1000
#Rectangle Nude Brick
10012	20016	1000
#Cloud
10013	20017	1000
#Striped Brick
10014	20018	1000
#Brick
10015	20019	1000
#Rectangle Green Brick
10016	20020	1000
#Underground Brick
10017	20021	1000
#Underground Pipe Brick
10018	20022	1000
#Brick Piece
10019	20023	1000
#Switch Brick Hit
10020	20023	1000