# id	left	top	right	bottom	texture_id
[SPRITES]
#COLOR CARD
90000	439	351	456	368	60
90001	383	351	400	368	60
90002	411	351	428	368	60

#Dynamic Card
#MR
90100	256	372	273	389	60
90101	318	374	329	390	60
90102	362	374	364	390	60

90110	297	373	313	389	60
90111	346	374	357	390	60
90112	362	374	364	390	60

90120	276	373	292	390	60
90121	331	374	342	390	60
90122	362	374	364	390	60

#STATIC CARD
90200	338	395	359	418	60
90201	362	395	383	418	60
90202	314	395	335	418	60

# ani_id	sprite1_id	time1	sprite2_id	time2	...
[ANIMATIONS]
91000	90000	100
91001	90001	100
91002	90002	100

#Dynamic Card
91100	90100	100	90101	100	90102	100	90101	100	90100	100
91101	90110	100	90111	100	90112	100	90111	100	90110	100
91102	90120	100	90121	100	90122	100	90121	100	90120	100

91200	90200	100
91201	90201	100
91202	90202	100

