# id	left	top	right	bottom	texture_id
[SPRITES]
53001	4	61	37	118	10
54001	51	61	85	118	10
53002	12	61	29	85	10
53003	419	154	434	185	10	#Red Long Left
53004	455	155	471	186	10	#Red Long Right
54002	59	61	76	85	10
54003	379	154	395	185	10	#Red Long Left
54004	473	155	490	187	10	#Red Long Right
54005	382	226	398	249	10	#Green Long Left
54006	422	226	437	249	10	#Green Long Left
54007	458	227	473	250	10	#Green Long Right
54008	476	227	491	250	10	#Green Long Right
54009	381	271	396	294	10	#Green Above
54010	425	272	440	294	10	#Green Above
# ani_id	sprite1_id	time1	sprite2_id	time2	...
[ANIMATIONS]
200006	53002	500
200009	53003	500
200007	53003	500	54003	500
200008	53003	500	53002	500
200009	53004	500	54004	500
200010	54005	500	54006	500
200011	54007	500	54008	500
200012	54009	200	54010	200